(kicad_pcb (version 20171130) (host pcbnew "(5.1.2)-2")

  (general
    (thickness 1.6)
    (drawings 6)
    (tracks 215)
    (zones 0)
    (modules 36)
    (nets 15)
  )

  (page A4)
  (layers
    (0 F.Cu signal)
    (31 B.Cu signal)
    (32 B.Adhes user)
    (33 F.Adhes user)
    (34 B.Paste user)
    (35 F.Paste user)
    (36 B.SilkS user)
    (37 F.SilkS user)
    (38 B.Mask user)
    (39 F.Mask user)
    (40 Dwgs.User user)
    (41 Cmts.User user)
    (42 Eco1.User user)
    (43 Eco2.User user)
    (44 Edge.Cuts user)
    (45 Margin user)
    (46 B.CrtYd user)
    (47 F.CrtYd user)
    (48 B.Fab user)
    (49 F.Fab user)
  )

  (setup
    (last_trace_width 0.4)
    (user_trace_width 0.4)
    (trace_clearance 0.2)
    (zone_clearance 0.508)
    (zone_45_only no)
    (trace_min 0.2)
    (via_size 0.8)
    (via_drill 0.4)
    (via_min_size 0.4)
    (via_min_drill 0.3)
    (user_via 0.4 0.3)
    (uvia_size 0.3)
    (uvia_drill 0.1)
    (uvias_allowed no)
    (uvia_min_size 0.2)
    (uvia_min_drill 0.1)
    (edge_width 0.05)
    (segment_width 0.2)
    (pcb_text_width 0.3)
    (pcb_text_size 1.5 1.5)
    (mod_edge_width 0.12)
    (mod_text_size 1 1)
    (mod_text_width 0.15)
    (pad_size 1.5 1.5)
    (pad_drill 0)
    (pad_to_mask_clearance 0.051)
    (solder_mask_min_width 0.25)
    (aux_axis_origin 0 0)
    (visible_elements FFFFFF7F)
    (pcbplotparams
      (layerselection 0x010fc_ffffffff)
      (usegerberextensions false)
      (usegerberattributes false)
      (usegerberadvancedattributes false)
      (creategerberjobfile false)
      (excludeedgelayer true)
      (linewidth 0.100000)
      (plotframeref false)
      (viasonmask false)
      (mode 1)
      (useauxorigin false)
      (hpglpennumber 1)
      (hpglpenspeed 20)
      (hpglpendiameter 15.000000)
      (psnegative false)
      (psa4output false)
      (plotreference true)
      (plotvalue true)
      (plotinvisibletext false)
      (padsonsilk false)
      (subtractmaskfromsilk false)
      (outputformat 1)
      (mirror false)
      (drillshape 0)
      (scaleselection 1)
      (outputdirectory "./"))
  )

  (net 0 "")
  (net 1 /VCC)
  (net 2 GNDREF)
  (net 3 "Net-(C3-Pad2)")
  (net 4 "Net-(C3-Pad1)")
  (net 5 "Net-(C5-Pad1)")
  (net 6 "Net-(C6-Pad1)")
  (net 7 "Net-(C6-Pad2)")
  (net 8 /VEE)
  (net 9 "Net-(J2-Pad1)")
  (net 10 "Net-(J3-Pad1)")
  (net 11 "Net-(J5-Pad1)")
  (net 12 /PD)
  (net 13 "Net-(R4-Pad1)")
  (net 14 "Net-(R11-Pad1)")

  (net_class Default 这是默认网络类。
    (clearance 0.2)
    (trace_width 0.25)
    (via_dia 0.8)
    (via_drill 0.4)
    (uvia_dia 0.3)
    (uvia_drill 0.1)
    (add_net /PD)
    (add_net /VCC)
    (add_net /VEE)
    (add_net GNDREF)
    (add_net "Net-(C3-Pad1)")
    (add_net "Net-(C3-Pad2)")
    (add_net "Net-(C5-Pad1)")
    (add_net "Net-(C6-Pad1)")
    (add_net "Net-(C6-Pad2)")
    (add_net "Net-(J2-Pad1)")
    (add_net "Net-(J3-Pad1)")
    (add_net "Net-(J5-Pad1)")
    (add_net "Net-(R11-Pad1)")
    (add_net "Net-(R4-Pad1)")
  )

  (module Connector_PinSocket_1.27mm:PinSocket_1x01_P1.27mm_Vertical (layer F.Cu) (tedit 5D1F0219) (tstamp 5D2010AF)
    (at 156.21 125.095)
    (descr "Through hole straight socket strip, 1x01, 1.27mm pitch, single row (from Kicad 4.0.7), script generated")
    (tags "Through hole socket strip THT 1x01 1.27mm single row")
    (fp_text reference GND (at 0 1.905) (layer F.SilkS)
      (effects (font (size 1 1) (thickness 0.15)))
    )
    (fp_text value PinSocket_1x01_P1.27mm_Vertical (at 0 2.135) (layer F.Fab)
      (effects (font (size 1 1) (thickness 0.15)))
    )
    (fp_text user %R (at 0 0) (layer F.Fab)
      (effects (font (size 0.76 0.76) (thickness 0.11)))
    )
    (fp_line (start -1.8 1.15) (end -1.8 -1.15) (layer F.CrtYd) (width 0.05))
    (fp_line (start 1.75 1.15) (end -1.8 1.15) (layer F.CrtYd) (width 0.05))
    (fp_line (start 1.75 -1.15) (end 1.75 1.15) (layer F.CrtYd) (width 0.05))
    (fp_line (start -1.8 -1.15) (end 1.75 -1.15) (layer F.CrtYd) (width 0.05))
    (fp_line (start 0 -0.76) (end 1.33 -0.76) (layer F.SilkS) (width 0.12))
    (fp_line (start 1.33 -0.76) (end 1.33 0) (layer F.SilkS) (width 0.12))
    (fp_line (start 1.33 0.575) (end 1.33 0.695) (layer F.SilkS) (width 0.12))
    (fp_line (start -1.33 0.575) (end -1.33 0.695) (layer F.SilkS) (width 0.12))
    (fp_line (start 0.76 0.695) (end 1.33 0.695) (layer F.SilkS) (width 0.12))
    (fp_line (start -1.33 0.695) (end -0.76 0.695) (layer F.SilkS) (width 0.12))
    (fp_line (start -1.27 0.635) (end -1.27 -0.635) (layer F.Fab) (width 0.1))
    (fp_line (start 1.27 0.635) (end -1.27 0.635) (layer F.Fab) (width 0.1))
    (fp_line (start 1.27 -0.3175) (end 1.27 0.635) (layer F.Fab) (width 0.1))
    (fp_line (start 0.9525 -0.635) (end 1.27 -0.3175) (layer F.Fab) (width 0.1))
    (fp_line (start -1.27 -0.635) (end 0.9525 -0.635) (layer F.Fab) (width 0.1))
    (pad 1 thru_hole rect (at 0 0) (size 1 1) (drill 0.7) (layers *.Cu *.Mask)
      (net 2 GNDREF))
    (model ${KISYS3DMOD}/Connector_PinSocket_1.27mm.3dshapes/PinSocket_1x01_P1.27mm_Vertical.wrl
      (at (xyz 0 0 0))
      (scale (xyz 1 1 1))
      (rotate (xyz 0 0 0))
    )
  )

  (module Connector_PinSocket_1.27mm:PinSocket_1x01_P1.27mm_Vertical (layer F.Cu) (tedit 5D1F0142) (tstamp 5D2005B5)
    (at 123.19 128.905)
    (descr "Through hole straight socket strip, 1x01, 1.27mm pitch, single row (from Kicad 4.0.7), script generated")
    (tags "Through hole socket strip THT 1x01 1.27mm single row")
    (fp_text reference GND (at 0 -2.135) (layer F.SilkS)
      (effects (font (size 1 1) (thickness 0.15)))
    )
    (fp_text value PinSocket_1x01_P1.27mm_Vertical (at 0 2.135) (layer F.Fab)
      (effects (font (size 1 1) (thickness 0.15)))
    )
    (fp_text user %R (at 0 0) (layer F.Fab)
      (effects (font (size 0.76 0.76) (thickness 0.11)))
    )
    (fp_line (start -1.8 1.15) (end -1.8 -1.15) (layer F.CrtYd) (width 0.05))
    (fp_line (start 1.75 1.15) (end -1.8 1.15) (layer F.CrtYd) (width 0.05))
    (fp_line (start 1.75 -1.15) (end 1.75 1.15) (layer F.CrtYd) (width 0.05))
    (fp_line (start -1.8 -1.15) (end 1.75 -1.15) (layer F.CrtYd) (width 0.05))
    (fp_line (start 0 -0.76) (end 1.33 -0.76) (layer F.SilkS) (width 0.12))
    (fp_line (start 1.33 -0.76) (end 1.33 0) (layer F.SilkS) (width 0.12))
    (fp_line (start 1.33 0.575) (end 1.33 0.695) (layer F.SilkS) (width 0.12))
    (fp_line (start -1.33 0.575) (end -1.33 0.695) (layer F.SilkS) (width 0.12))
    (fp_line (start 0.76 0.695) (end 1.33 0.695) (layer F.SilkS) (width 0.12))
    (fp_line (start -1.33 0.695) (end -0.76 0.695) (layer F.SilkS) (width 0.12))
    (fp_line (start -1.27 0.635) (end -1.27 -0.635) (layer F.Fab) (width 0.1))
    (fp_line (start 1.27 0.635) (end -1.27 0.635) (layer F.Fab) (width 0.1))
    (fp_line (start 1.27 -0.3175) (end 1.27 0.635) (layer F.Fab) (width 0.1))
    (fp_line (start 0.9525 -0.635) (end 1.27 -0.3175) (layer F.Fab) (width 0.1))
    (fp_line (start -1.27 -0.635) (end 0.9525 -0.635) (layer F.Fab) (width 0.1))
    (pad 1 thru_hole rect (at 0 0) (size 1 1) (drill 0.7) (layers *.Cu *.Mask)
      (net 2 GNDREF))
    (model ${KISYS3DMOD}/Connector_PinSocket_1.27mm.3dshapes/PinSocket_1x01_P1.27mm_Vertical.wrl
      (at (xyz 0 0 0))
      (scale (xyz 1 1 1))
      (rotate (xyz 0 0 0))
    )
  )

  (module MountingHole:MountingHole_3.2mm_M3_ISO14580_Pad (layer F.Cu) (tedit 56D1B4CB) (tstamp 5D1FFE92)
    (at 106.68 132.715)
    (descr "Mounting Hole 3.2mm, M3, ISO14580")
    (tags "mounting hole 3.2mm m3 iso14580")
    (attr virtual)
    (fp_text reference REF** (at 0 -3.75) (layer F.SilkS) hide
      (effects (font (size 1 1) (thickness 0.15)))
    )
    (fp_text value MountingHole_3.2mm_M3_ISO14580_Pad (at 0 3.75) (layer F.Fab)
      (effects (font (size 1 1) (thickness 0.15)))
    )
    (fp_circle (center 0 0) (end 3 0) (layer F.CrtYd) (width 0.05))
    (fp_circle (center 0 0) (end 2.75 0) (layer Cmts.User) (width 0.15))
    (fp_text user %R (at 0.3 0) (layer F.Fab)
      (effects (font (size 1 1) (thickness 0.15)))
    )
    (pad 1 thru_hole circle (at 0 0) (size 5.5 5.5) (drill 3.2) (layers *.Cu *.Mask))
  )

  (module MountingHole:MountingHole_3.2mm_M3_ISO14580_Pad (layer F.Cu) (tedit 56D1B4CB) (tstamp 5D1FFE6E)
    (at 157.48 132.08)
    (descr "Mounting Hole 3.2mm, M3, ISO14580")
    (tags "mounting hole 3.2mm m3 iso14580")
    (attr virtual)
    (fp_text reference REF** (at 0 -3.75) (layer F.SilkS) hide
      (effects (font (size 1 1) (thickness 0.15)))
    )
    (fp_text value MountingHole_3.2mm_M3_ISO14580_Pad (at 0 3.75) (layer F.Fab)
      (effects (font (size 1 1) (thickness 0.15)))
    )
    (fp_circle (center 0 0) (end 3 0) (layer F.CrtYd) (width 0.05))
    (fp_circle (center 0 0) (end 2.75 0) (layer Cmts.User) (width 0.15))
    (fp_text user %R (at 0.3 0) (layer F.Fab)
      (effects (font (size 1 1) (thickness 0.15)))
    )
    (pad 1 thru_hole circle (at 0 0) (size 5.5 5.5) (drill 3.2) (layers *.Cu *.Mask))
  )

  (module MountingHole:MountingHole_3.2mm_M3_ISO14580_Pad (layer F.Cu) (tedit 56D1B4CB) (tstamp 5D1FFE3A)
    (at 157.48 102.87)
    (descr "Mounting Hole 3.2mm, M3, ISO14580")
    (tags "mounting hole 3.2mm m3 iso14580")
    (attr virtual)
    (fp_text reference REF** (at 0 -3.75) (layer F.SilkS) hide
      (effects (font (size 1 1) (thickness 0.15)))
    )
    (fp_text value MountingHole_3.2mm_M3_ISO14580_Pad (at 0 3.75) (layer F.Fab)
      (effects (font (size 1 1) (thickness 0.15)))
    )
    (fp_circle (center 0 0) (end 3 0) (layer F.CrtYd) (width 0.05))
    (fp_circle (center 0 0) (end 2.75 0) (layer Cmts.User) (width 0.15))
    (fp_text user %R (at 0.3 0) (layer F.Fab)
      (effects (font (size 1 1) (thickness 0.15)))
    )
    (pad 1 thru_hole circle (at 0 0) (size 5.5 5.5) (drill 3.2) (layers *.Cu *.Mask))
  )

  (module MountingHole:MountingHole_3.2mm_M3_ISO14580_Pad (layer F.Cu) (tedit 56D1B4CB) (tstamp 5D1FFDDF)
    (at 106.68 102.87)
    (descr "Mounting Hole 3.2mm, M3, ISO14580")
    (tags "mounting hole 3.2mm m3 iso14580")
    (attr virtual)
    (fp_text reference REF** (at 0 -3.75) (layer F.SilkS) hide
      (effects (font (size 1 1) (thickness 0.15)))
    )
    (fp_text value MountingHole_3.2mm_M3_ISO14580_Pad (at 0 3.75) (layer F.Fab)
      (effects (font (size 1 1) (thickness 0.15)))
    )
    (fp_circle (center 0 0) (end 3 0) (layer F.CrtYd) (width 0.05))
    (fp_circle (center 0 0) (end 2.75 0) (layer Cmts.User) (width 0.15))
    (fp_text user %R (at 0.3 0) (layer F.Fab)
      (effects (font (size 1 1) (thickness 0.15)))
    )
    (pad 1 thru_hole circle (at 0 0) (size 5.5 5.5) (drill 3.2) (layers *.Cu *.Mask))
  )

  (module TestPoint:TestPoint_Pad_D1.5mm (layer F.Cu) (tedit 5D1F0402) (tstamp 5D1FDFA2)
    (at 150.495 125.095)
    (descr "SMD pad as test Point, diameter 1.5mm")
    (tags "test point SMD pad")
    (attr virtual)
    (fp_text reference TP2 (at 0 -1.648) (layer F.SilkS)
      (effects (font (size 1 1) (thickness 0.15)))
    )
    (fp_text value TestPoint_Pad_D1.5mm (at 0 1.75) (layer F.Fab)
      (effects (font (size 1 1) (thickness 0.15)))
    )
    (fp_circle (center 0 0) (end 0 0.95) (layer F.SilkS) (width 0.12))
    (fp_circle (center 0 0) (end 1.25 0) (layer F.CrtYd) (width 0.05))
    (fp_text user %R (at 0 -1.65) (layer F.Fab)
      (effects (font (size 1 1) (thickness 0.15)))
    )
    (pad 1 smd circle (at 0 0) (size 1.5 1.5) (layers F.Cu F.Mask)
      (net 11 "Net-(J5-Pad1)"))
  )

  (module TestPoint:TestPoint_Pad_D1.5mm (layer F.Cu) (tedit 5D1F00F3) (tstamp 5D1FDF77)
    (at 118.11 128.905)
    (descr "SMD pad as test Point, diameter 1.5mm")
    (tags "test point SMD pad")
    (attr virtual)
    (fp_text reference TP1 (at 0 -1.648) (layer F.SilkS)
      (effects (font (size 1 1) (thickness 0.15)))
    )
    (fp_text value TestPoint_Pad_D1.5mm (at 0 1.75) (layer F.Fab)
      (effects (font (size 1 1) (thickness 0.15)))
    )
    (fp_circle (center 0 0) (end 0 0.95) (layer F.SilkS) (width 0.12))
    (fp_circle (center 0 0) (end 1.25 0) (layer F.CrtYd) (width 0.05))
    (fp_text user %R (at 0 -1.65) (layer F.Fab)
      (effects (font (size 1 1) (thickness 0.15)))
    )
    (pad 1 smd circle (at 0 0) (size 1.5 1.5) (layers F.Cu F.Mask)
      (net 10 "Net-(J3-Pad1)"))
  )

  (module Jumper:SolderJumper-2_P1.3mm_Open_TrianglePad1.0x1.5mm (layer F.Cu) (tedit 5D1EFB0E) (tstamp 5D1FDC4F)
    (at 135.89 124.46)
    (descr "SMD Solder Jumper, 1x1.5mm Triangular Pads, 0.3mm gap, open")
    (tags "solder jumper open")
    (attr virtual)
    (fp_text reference JP1 (at 0 -1.8) (layer F.SilkS)
      (effects (font (size 1 1) (thickness 0.15)))
    )
    (fp_text value SolderJumper-2_P1.3mm_Open_TrianglePad1.0x1.5mm (at 0 1.9) (layer F.Fab)
      (effects (font (size 1 1) (thickness 0.15)))
    )
    (fp_line (start 1.65 1.25) (end -1.65 1.25) (layer F.CrtYd) (width 0.05))
    (fp_line (start 1.65 1.25) (end 1.65 -1.25) (layer F.CrtYd) (width 0.05))
    (fp_line (start -1.65 -1.25) (end -1.65 1.25) (layer F.CrtYd) (width 0.05))
    (fp_line (start -1.65 -1.25) (end 1.65 -1.25) (layer F.CrtYd) (width 0.05))
    (fp_line (start -1.4 -1) (end 1.4 -1) (layer F.SilkS) (width 0.12))
    (fp_line (start 1.4 -1) (end 1.4 1) (layer F.SilkS) (width 0.12))
    (fp_line (start 1.4 1) (end -1.4 1) (layer F.SilkS) (width 0.12))
    (fp_line (start -1.4 1) (end -1.4 -1) (layer F.SilkS) (width 0.12))
    (pad 1 smd custom (at -0.725 0) (size 0.3 0.3) (layers F.Cu F.Mask)
      (net 7 "Net-(C6-Pad2)") (zone_connect 2)
      (options (clearance outline) (anchor rect))
      (primitives
        (gr_poly (pts
           (xy -0.5 -0.75) (xy 0.5 -0.75) (xy 1 0) (xy 0.5 0.75) (xy -0.5 0.75)
) (width 0))
      ))
    (pad 2 smd custom (at 0.725 0) (size 0.3 0.3) (layers F.Cu F.Mask)
      (net 7 "Net-(C6-Pad2)") (zone_connect 2)
      (options (clearance outline) (anchor rect))
      (primitives
        (gr_poly (pts
           (xy -0.65 -0.75) (xy 0.5 -0.75) (xy 0.5 0.75) (xy -0.65 0.75) (xy -0.15 0)
) (width 0))
      ))
  )

  (module Capacitor_SMD:C_0603_1608Metric (layer F.Cu) (tedit 5B301BBE) (tstamp 5D1FC08E)
    (at 142.24 114.935)
    (descr "Capacitor SMD 0603 (1608 Metric), square (rectangular) end terminal, IPC_7351 nominal, (Body size source: http://www.tortai-tech.com/upload/download/2011102023233369053.pdf), generated with kicad-footprint-generator")
    (tags capacitor)
    (path /5D20EF4F)
    (attr smd)
    (fp_text reference C1 (at 0 -1.43) (layer F.SilkS)
      (effects (font (size 1 1) (thickness 0.15)))
    )
    (fp_text value 0.1uF (at 0 1.43) (layer F.Fab)
      (effects (font (size 1 1) (thickness 0.15)))
    )
    (fp_line (start -0.8 0.4) (end -0.8 -0.4) (layer F.Fab) (width 0.1))
    (fp_line (start -0.8 -0.4) (end 0.8 -0.4) (layer F.Fab) (width 0.1))
    (fp_line (start 0.8 -0.4) (end 0.8 0.4) (layer F.Fab) (width 0.1))
    (fp_line (start 0.8 0.4) (end -0.8 0.4) (layer F.Fab) (width 0.1))
    (fp_line (start -0.162779 -0.51) (end 0.162779 -0.51) (layer F.SilkS) (width 0.12))
    (fp_line (start -0.162779 0.51) (end 0.162779 0.51) (layer F.SilkS) (width 0.12))
    (fp_line (start -1.48 0.73) (end -1.48 -0.73) (layer F.CrtYd) (width 0.05))
    (fp_line (start -1.48 -0.73) (end 1.48 -0.73) (layer F.CrtYd) (width 0.05))
    (fp_line (start 1.48 -0.73) (end 1.48 0.73) (layer F.CrtYd) (width 0.05))
    (fp_line (start 1.48 0.73) (end -1.48 0.73) (layer F.CrtYd) (width 0.05))
    (fp_text user %R (at 0 0) (layer F.Fab)
      (effects (font (size 0.4 0.4) (thickness 0.06)))
    )
    (pad 1 smd roundrect (at -0.7875 0) (size 0.875 0.95) (layers F.Cu F.Paste F.Mask) (roundrect_rratio 0.25)
      (net 1 /VCC))
    (pad 2 smd roundrect (at 0.7875 0) (size 0.875 0.95) (layers F.Cu F.Paste F.Mask) (roundrect_rratio 0.25)
      (net 2 GNDREF))
    (model ${KISYS3DMOD}/Capacitor_SMD.3dshapes/C_0603_1608Metric.wrl
      (at (xyz 0 0 0))
      (scale (xyz 1 1 1))
      (rotate (xyz 0 0 0))
    )
  )

  (module Capacitor_SMD:C_0603_1608Metric (layer F.Cu) (tedit 5B301BBE) (tstamp 5D1FEBE4)
    (at 147.32 105.41 90)
    (descr "Capacitor SMD 0603 (1608 Metric), square (rectangular) end terminal, IPC_7351 nominal, (Body size source: http://www.tortai-tech.com/upload/download/2011102023233369053.pdf), generated with kicad-footprint-generator")
    (tags capacitor)
    (path /5D20EE18)
    (attr smd)
    (fp_text reference C2 (at 0 -1.43 90) (layer F.SilkS)
      (effects (font (size 1 1) (thickness 0.15)))
    )
    (fp_text value 0.1uF (at 0 1.43 90) (layer F.Fab)
      (effects (font (size 1 1) (thickness 0.15)))
    )
    (fp_text user %R (at 0 0 90) (layer F.Fab)
      (effects (font (size 0.4 0.4) (thickness 0.06)))
    )
    (fp_line (start 1.48 0.73) (end -1.48 0.73) (layer F.CrtYd) (width 0.05))
    (fp_line (start 1.48 -0.73) (end 1.48 0.73) (layer F.CrtYd) (width 0.05))
    (fp_line (start -1.48 -0.73) (end 1.48 -0.73) (layer F.CrtYd) (width 0.05))
    (fp_line (start -1.48 0.73) (end -1.48 -0.73) (layer F.CrtYd) (width 0.05))
    (fp_line (start -0.162779 0.51) (end 0.162779 0.51) (layer F.SilkS) (width 0.12))
    (fp_line (start -0.162779 -0.51) (end 0.162779 -0.51) (layer F.SilkS) (width 0.12))
    (fp_line (start 0.8 0.4) (end -0.8 0.4) (layer F.Fab) (width 0.1))
    (fp_line (start 0.8 -0.4) (end 0.8 0.4) (layer F.Fab) (width 0.1))
    (fp_line (start -0.8 -0.4) (end 0.8 -0.4) (layer F.Fab) (width 0.1))
    (fp_line (start -0.8 0.4) (end -0.8 -0.4) (layer F.Fab) (width 0.1))
    (pad 2 smd roundrect (at 0.7875 0 90) (size 0.875 0.95) (layers F.Cu F.Paste F.Mask) (roundrect_rratio 0.25)
      (net 2 GNDREF))
    (pad 1 smd roundrect (at -0.7875 0 90) (size 0.875 0.95) (layers F.Cu F.Paste F.Mask) (roundrect_rratio 0.25)
      (net 1 /VCC))
    (model ${KISYS3DMOD}/Capacitor_SMD.3dshapes/C_0603_1608Metric.wrl
      (at (xyz 0 0 0))
      (scale (xyz 1 1 1))
      (rotate (xyz 0 0 0))
    )
  )

  (module Capacitor_SMD:C_0603_1608Metric (layer F.Cu) (tedit 5B301BBE) (tstamp 5D1FCE51)
    (at 123.825 116.205 270)
    (descr "Capacitor SMD 0603 (1608 Metric), square (rectangular) end terminal, IPC_7351 nominal, (Body size source: http://www.tortai-tech.com/upload/download/2011102023233369053.pdf), generated with kicad-footprint-generator")
    (tags capacitor)
    (path /5D1F4AF7)
    (attr smd)
    (fp_text reference C3 (at -2.54 0 180) (layer F.SilkS)
      (effects (font (size 1 1) (thickness 0.15)))
    )
    (fp_text value CF (at 0 1.43 90) (layer F.Fab)
      (effects (font (size 1 1) (thickness 0.15)))
    )
    (fp_text user %R (at 0 0 90) (layer F.Fab)
      (effects (font (size 0.4 0.4) (thickness 0.06)))
    )
    (fp_line (start 1.48 0.73) (end -1.48 0.73) (layer F.CrtYd) (width 0.05))
    (fp_line (start 1.48 -0.73) (end 1.48 0.73) (layer F.CrtYd) (width 0.05))
    (fp_line (start -1.48 -0.73) (end 1.48 -0.73) (layer F.CrtYd) (width 0.05))
    (fp_line (start -1.48 0.73) (end -1.48 -0.73) (layer F.CrtYd) (width 0.05))
    (fp_line (start -0.162779 0.51) (end 0.162779 0.51) (layer F.SilkS) (width 0.12))
    (fp_line (start -0.162779 -0.51) (end 0.162779 -0.51) (layer F.SilkS) (width 0.12))
    (fp_line (start 0.8 0.4) (end -0.8 0.4) (layer F.Fab) (width 0.1))
    (fp_line (start 0.8 -0.4) (end 0.8 0.4) (layer F.Fab) (width 0.1))
    (fp_line (start -0.8 -0.4) (end 0.8 -0.4) (layer F.Fab) (width 0.1))
    (fp_line (start -0.8 0.4) (end -0.8 -0.4) (layer F.Fab) (width 0.1))
    (pad 2 smd roundrect (at 0.7875 0 270) (size 0.875 0.95) (layers F.Cu F.Paste F.Mask) (roundrect_rratio 0.25)
      (net 3 "Net-(C3-Pad2)"))
    (pad 1 smd roundrect (at -0.7875 0 270) (size 0.875 0.95) (layers F.Cu F.Paste F.Mask) (roundrect_rratio 0.25)
      (net 4 "Net-(C3-Pad1)"))
    (model ${KISYS3DMOD}/Capacitor_SMD.3dshapes/C_0603_1608Metric.wrl
      (at (xyz 0 0 0))
      (scale (xyz 1 1 1))
      (rotate (xyz 0 0 0))
    )
  )

  (module Capacitor_SMD:CP_Elec_4x5.3 (layer F.Cu) (tedit 5BCA39CF) (tstamp 5D1FC0D8)
    (at 142.24 105.41 90)
    (descr "SMD capacitor, aluminum electrolytic, Vishay, 4.0x5.3mm")
    (tags "capacitor electrolytic")
    (path /5D240ED7)
    (attr smd)
    (fp_text reference C4 (at -4.445 0 180) (layer F.SilkS)
      (effects (font (size 1 1) (thickness 0.15)))
    )
    (fp_text value 10uF (at 0 3.2 90) (layer F.Fab)
      (effects (font (size 1 1) (thickness 0.15)))
    )
    (fp_text user %R (at 0 0 90) (layer F.Fab)
      (effects (font (size 0.8 0.8) (thickness 0.12)))
    )
    (fp_line (start -3.35 1.05) (end -2.4 1.05) (layer F.CrtYd) (width 0.05))
    (fp_line (start -3.35 -1.05) (end -3.35 1.05) (layer F.CrtYd) (width 0.05))
    (fp_line (start -2.4 -1.05) (end -3.35 -1.05) (layer F.CrtYd) (width 0.05))
    (fp_line (start -2.4 1.05) (end -2.4 1.25) (layer F.CrtYd) (width 0.05))
    (fp_line (start -2.4 -1.25) (end -2.4 -1.05) (layer F.CrtYd) (width 0.05))
    (fp_line (start -2.4 -1.25) (end -1.25 -2.4) (layer F.CrtYd) (width 0.05))
    (fp_line (start -2.4 1.25) (end -1.25 2.4) (layer F.CrtYd) (width 0.05))
    (fp_line (start -1.25 -2.4) (end 2.4 -2.4) (layer F.CrtYd) (width 0.05))
    (fp_line (start -1.25 2.4) (end 2.4 2.4) (layer F.CrtYd) (width 0.05))
    (fp_line (start 2.4 1.05) (end 2.4 2.4) (layer F.CrtYd) (width 0.05))
    (fp_line (start 3.35 1.05) (end 2.4 1.05) (layer F.CrtYd) (width 0.05))
    (fp_line (start 3.35 -1.05) (end 3.35 1.05) (layer F.CrtYd) (width 0.05))
    (fp_line (start 2.4 -1.05) (end 3.35 -1.05) (layer F.CrtYd) (width 0.05))
    (fp_line (start 2.4 -2.4) (end 2.4 -1.05) (layer F.CrtYd) (width 0.05))
    (fp_line (start -2.75 -1.81) (end -2.75 -1.31) (layer F.SilkS) (width 0.12))
    (fp_line (start -3 -1.56) (end -2.5 -1.56) (layer F.SilkS) (width 0.12))
    (fp_line (start -2.26 1.195563) (end -1.195563 2.26) (layer F.SilkS) (width 0.12))
    (fp_line (start -2.26 -1.195563) (end -1.195563 -2.26) (layer F.SilkS) (width 0.12))
    (fp_line (start -2.26 -1.195563) (end -2.26 -1.06) (layer F.SilkS) (width 0.12))
    (fp_line (start -2.26 1.195563) (end -2.26 1.06) (layer F.SilkS) (width 0.12))
    (fp_line (start -1.195563 2.26) (end 2.26 2.26) (layer F.SilkS) (width 0.12))
    (fp_line (start -1.195563 -2.26) (end 2.26 -2.26) (layer F.SilkS) (width 0.12))
    (fp_line (start 2.26 -2.26) (end 2.26 -1.06) (layer F.SilkS) (width 0.12))
    (fp_line (start 2.26 2.26) (end 2.26 1.06) (layer F.SilkS) (width 0.12))
    (fp_line (start -1.374773 -1.2) (end -1.374773 -0.8) (layer F.Fab) (width 0.1))
    (fp_line (start -1.574773 -1) (end -1.174773 -1) (layer F.Fab) (width 0.1))
    (fp_line (start -2.15 1.15) (end -1.15 2.15) (layer F.Fab) (width 0.1))
    (fp_line (start -2.15 -1.15) (end -1.15 -2.15) (layer F.Fab) (width 0.1))
    (fp_line (start -2.15 -1.15) (end -2.15 1.15) (layer F.Fab) (width 0.1))
    (fp_line (start -1.15 2.15) (end 2.15 2.15) (layer F.Fab) (width 0.1))
    (fp_line (start -1.15 -2.15) (end 2.15 -2.15) (layer F.Fab) (width 0.1))
    (fp_line (start 2.15 -2.15) (end 2.15 2.15) (layer F.Fab) (width 0.1))
    (fp_circle (center 0 0) (end 2 0) (layer F.Fab) (width 0.1))
    (pad 2 smd roundrect (at 1.8 0 90) (size 2.6 1.6) (layers F.Cu F.Paste F.Mask) (roundrect_rratio 0.15625)
      (net 2 GNDREF))
    (pad 1 smd roundrect (at -1.8 0 90) (size 2.6 1.6) (layers F.Cu F.Paste F.Mask) (roundrect_rratio 0.15625)
      (net 1 /VCC))
    (model ${KISYS3DMOD}/Capacitor_SMD.3dshapes/CP_Elec_4x5.3.wrl
      (at (xyz 0 0 0))
      (scale (xyz 1 1 1))
      (rotate (xyz 0 0 0))
    )
  )

  (module Capacitor_SMD:C_0603_1608Metric (layer F.Cu) (tedit 5B301BBE) (tstamp 5D1FC0E9)
    (at 140.335 121.92)
    (descr "Capacitor SMD 0603 (1608 Metric), square (rectangular) end terminal, IPC_7351 nominal, (Body size source: http://www.tortai-tech.com/upload/download/2011102023233369053.pdf), generated with kicad-footprint-generator")
    (tags capacitor)
    (path /5D1FE9A4)
    (attr smd)
    (fp_text reference CL (at 0 1.27) (layer F.SilkS)
      (effects (font (size 1 1) (thickness 0.15)))
    )
    (fp_text value CL (at 0 1.43) (layer F.Fab)
      (effects (font (size 1 1) (thickness 0.15)))
    )
    (fp_line (start -0.8 0.4) (end -0.8 -0.4) (layer F.Fab) (width 0.1))
    (fp_line (start -0.8 -0.4) (end 0.8 -0.4) (layer F.Fab) (width 0.1))
    (fp_line (start 0.8 -0.4) (end 0.8 0.4) (layer F.Fab) (width 0.1))
    (fp_line (start 0.8 0.4) (end -0.8 0.4) (layer F.Fab) (width 0.1))
    (fp_line (start -0.162779 -0.51) (end 0.162779 -0.51) (layer F.SilkS) (width 0.12))
    (fp_line (start -0.162779 0.51) (end 0.162779 0.51) (layer F.SilkS) (width 0.12))
    (fp_line (start -1.48 0.73) (end -1.48 -0.73) (layer F.CrtYd) (width 0.05))
    (fp_line (start -1.48 -0.73) (end 1.48 -0.73) (layer F.CrtYd) (width 0.05))
    (fp_line (start 1.48 -0.73) (end 1.48 0.73) (layer F.CrtYd) (width 0.05))
    (fp_line (start 1.48 0.73) (end -1.48 0.73) (layer F.CrtYd) (width 0.05))
    (fp_text user %R (at 0 0) (layer F.Fab)
      (effects (font (size 0.4 0.4) (thickness 0.06)))
    )
    (pad 1 smd roundrect (at -0.7875 0) (size 0.875 0.95) (layers F.Cu F.Paste F.Mask) (roundrect_rratio 0.25)
      (net 5 "Net-(C5-Pad1)"))
    (pad 2 smd roundrect (at 0.7875 0) (size 0.875 0.95) (layers F.Cu F.Paste F.Mask) (roundrect_rratio 0.25)
      (net 2 GNDREF))
    (model ${KISYS3DMOD}/Capacitor_SMD.3dshapes/C_0603_1608Metric.wrl
      (at (xyz 0 0 0))
      (scale (xyz 1 1 1))
      (rotate (xyz 0 0 0))
    )
  )

  (module Capacitor_SMD:C_0603_1608Metric (layer F.Cu) (tedit 5B301BBE) (tstamp 5D1FF3E5)
    (at 134.235001 128.27 90)
    (descr "Capacitor SMD 0603 (1608 Metric), square (rectangular) end terminal, IPC_7351 nominal, (Body size source: http://www.tortai-tech.com/upload/download/2011102023233369053.pdf), generated with kicad-footprint-generator")
    (tags capacitor)
    (path /5D2066B1)
    (attr smd)
    (fp_text reference C6 (at -2.54 -2.155001 180) (layer F.SilkS)
      (effects (font (size 1 1) (thickness 0.15)))
    )
    (fp_text value C (at 0 1.43 90) (layer F.Fab)
      (effects (font (size 1 1) (thickness 0.15)))
    )
    (fp_line (start -0.8 0.4) (end -0.8 -0.4) (layer F.Fab) (width 0.1))
    (fp_line (start -0.8 -0.4) (end 0.8 -0.4) (layer F.Fab) (width 0.1))
    (fp_line (start 0.8 -0.4) (end 0.8 0.4) (layer F.Fab) (width 0.1))
    (fp_line (start 0.8 0.4) (end -0.8 0.4) (layer F.Fab) (width 0.1))
    (fp_line (start -0.162779 -0.51) (end 0.162779 -0.51) (layer F.SilkS) (width 0.12))
    (fp_line (start -0.162779 0.51) (end 0.162779 0.51) (layer F.SilkS) (width 0.12))
    (fp_line (start -1.48 0.73) (end -1.48 -0.73) (layer F.CrtYd) (width 0.05))
    (fp_line (start -1.48 -0.73) (end 1.48 -0.73) (layer F.CrtYd) (width 0.05))
    (fp_line (start 1.48 -0.73) (end 1.48 0.73) (layer F.CrtYd) (width 0.05))
    (fp_line (start 1.48 0.73) (end -1.48 0.73) (layer F.CrtYd) (width 0.05))
    (fp_text user %R (at 0 0 90) (layer F.Fab)
      (effects (font (size 0.4 0.4) (thickness 0.06)))
    )
    (pad 1 smd roundrect (at -0.7875 0 90) (size 0.875 0.95) (layers F.Cu F.Paste F.Mask) (roundrect_rratio 0.25)
      (net 6 "Net-(C6-Pad1)"))
    (pad 2 smd roundrect (at 0.7875 0 90) (size 0.875 0.95) (layers F.Cu F.Paste F.Mask) (roundrect_rratio 0.25)
      (net 7 "Net-(C6-Pad2)"))
    (model ${KISYS3DMOD}/Capacitor_SMD.3dshapes/C_0603_1608Metric.wrl
      (at (xyz 0 0 0))
      (scale (xyz 1 1 1))
      (rotate (xyz 0 0 0))
    )
  )

  (module Capacitor_SMD:C_0603_1608Metric (layer F.Cu) (tedit 5B301BBE) (tstamp 5D1FC10B)
    (at 119.38 104.775 270)
    (descr "Capacitor SMD 0603 (1608 Metric), square (rectangular) end terminal, IPC_7351 nominal, (Body size source: http://www.tortai-tech.com/upload/download/2011102023233369053.pdf), generated with kicad-footprint-generator")
    (tags capacitor)
    (path /5D20F0FB)
    (attr smd)
    (fp_text reference C7 (at 0 -1.43 90) (layer F.SilkS)
      (effects (font (size 1 1) (thickness 0.15)))
    )
    (fp_text value 0.1uF (at 0 1.43 90) (layer F.Fab)
      (effects (font (size 1 1) (thickness 0.15)))
    )
    (fp_line (start -0.8 0.4) (end -0.8 -0.4) (layer F.Fab) (width 0.1))
    (fp_line (start -0.8 -0.4) (end 0.8 -0.4) (layer F.Fab) (width 0.1))
    (fp_line (start 0.8 -0.4) (end 0.8 0.4) (layer F.Fab) (width 0.1))
    (fp_line (start 0.8 0.4) (end -0.8 0.4) (layer F.Fab) (width 0.1))
    (fp_line (start -0.162779 -0.51) (end 0.162779 -0.51) (layer F.SilkS) (width 0.12))
    (fp_line (start -0.162779 0.51) (end 0.162779 0.51) (layer F.SilkS) (width 0.12))
    (fp_line (start -1.48 0.73) (end -1.48 -0.73) (layer F.CrtYd) (width 0.05))
    (fp_line (start -1.48 -0.73) (end 1.48 -0.73) (layer F.CrtYd) (width 0.05))
    (fp_line (start 1.48 -0.73) (end 1.48 0.73) (layer F.CrtYd) (width 0.05))
    (fp_line (start 1.48 0.73) (end -1.48 0.73) (layer F.CrtYd) (width 0.05))
    (fp_text user %R (at 0 0 90) (layer F.Fab)
      (effects (font (size 0.4 0.4) (thickness 0.06)))
    )
    (pad 1 smd roundrect (at -0.7875 0 270) (size 0.875 0.95) (layers F.Cu F.Paste F.Mask) (roundrect_rratio 0.25)
      (net 8 /VEE))
    (pad 2 smd roundrect (at 0.7875 0 270) (size 0.875 0.95) (layers F.Cu F.Paste F.Mask) (roundrect_rratio 0.25)
      (net 2 GNDREF))
    (model ${KISYS3DMOD}/Capacitor_SMD.3dshapes/C_0603_1608Metric.wrl
      (at (xyz 0 0 0))
      (scale (xyz 1 1 1))
      (rotate (xyz 0 0 0))
    )
  )

  (module Capacitor_SMD:C_0603_1608Metric (layer F.Cu) (tedit 5B301BBE) (tstamp 5D1FC11C)
    (at 130.175 128.27 270)
    (descr "Capacitor SMD 0603 (1608 Metric), square (rectangular) end terminal, IPC_7351 nominal, (Body size source: http://www.tortai-tech.com/upload/download/2011102023233369053.pdf), generated with kicad-footprint-generator")
    (tags capacitor)
    (path /5D206BCC)
    (attr smd)
    (fp_text reference C8 (at 2.54 0 180) (layer F.SilkS)
      (effects (font (size 1 1) (thickness 0.15)))
    )
    (fp_text value C (at 0 1.43 90) (layer F.Fab)
      (effects (font (size 1 1) (thickness 0.15)))
    )
    (fp_text user %R (at 0 0 90) (layer F.Fab)
      (effects (font (size 0.4 0.4) (thickness 0.06)))
    )
    (fp_line (start 1.48 0.73) (end -1.48 0.73) (layer F.CrtYd) (width 0.05))
    (fp_line (start 1.48 -0.73) (end 1.48 0.73) (layer F.CrtYd) (width 0.05))
    (fp_line (start -1.48 -0.73) (end 1.48 -0.73) (layer F.CrtYd) (width 0.05))
    (fp_line (start -1.48 0.73) (end -1.48 -0.73) (layer F.CrtYd) (width 0.05))
    (fp_line (start -0.162779 0.51) (end 0.162779 0.51) (layer F.SilkS) (width 0.12))
    (fp_line (start -0.162779 -0.51) (end 0.162779 -0.51) (layer F.SilkS) (width 0.12))
    (fp_line (start 0.8 0.4) (end -0.8 0.4) (layer F.Fab) (width 0.1))
    (fp_line (start 0.8 -0.4) (end 0.8 0.4) (layer F.Fab) (width 0.1))
    (fp_line (start -0.8 -0.4) (end 0.8 -0.4) (layer F.Fab) (width 0.1))
    (fp_line (start -0.8 0.4) (end -0.8 -0.4) (layer F.Fab) (width 0.1))
    (pad 2 smd roundrect (at 0.7875 0 270) (size 0.875 0.95) (layers F.Cu F.Paste F.Mask) (roundrect_rratio 0.25)
      (net 6 "Net-(C6-Pad1)"))
    (pad 1 smd roundrect (at -0.7875 0 270) (size 0.875 0.95) (layers F.Cu F.Paste F.Mask) (roundrect_rratio 0.25)
      (net 8 /VEE))
    (model ${KISYS3DMOD}/Capacitor_SMD.3dshapes/C_0603_1608Metric.wrl
      (at (xyz 0 0 0))
      (scale (xyz 1 1 1))
      (rotate (xyz 0 0 0))
    )
  )

  (module Capacitor_SMD:C_0603_1608Metric (layer F.Cu) (tedit 5B301BBE) (tstamp 5D1FC12D)
    (at 126.5175 123.825 180)
    (descr "Capacitor SMD 0603 (1608 Metric), square (rectangular) end terminal, IPC_7351 nominal, (Body size source: http://www.tortai-tech.com/upload/download/2011102023233369053.pdf), generated with kicad-footprint-generator")
    (tags capacitor)
    (path /5D20F3B0)
    (attr smd)
    (fp_text reference C9 (at 0 -1.43) (layer F.SilkS)
      (effects (font (size 1 1) (thickness 0.15)))
    )
    (fp_text value 0.1uF (at 0 1.43) (layer F.Fab)
      (effects (font (size 1 1) (thickness 0.15)))
    )
    (fp_text user %R (at 0 0) (layer F.Fab)
      (effects (font (size 0.4 0.4) (thickness 0.06)))
    )
    (fp_line (start 1.48 0.73) (end -1.48 0.73) (layer F.CrtYd) (width 0.05))
    (fp_line (start 1.48 -0.73) (end 1.48 0.73) (layer F.CrtYd) (width 0.05))
    (fp_line (start -1.48 -0.73) (end 1.48 -0.73) (layer F.CrtYd) (width 0.05))
    (fp_line (start -1.48 0.73) (end -1.48 -0.73) (layer F.CrtYd) (width 0.05))
    (fp_line (start -0.162779 0.51) (end 0.162779 0.51) (layer F.SilkS) (width 0.12))
    (fp_line (start -0.162779 -0.51) (end 0.162779 -0.51) (layer F.SilkS) (width 0.12))
    (fp_line (start 0.8 0.4) (end -0.8 0.4) (layer F.Fab) (width 0.1))
    (fp_line (start 0.8 -0.4) (end 0.8 0.4) (layer F.Fab) (width 0.1))
    (fp_line (start -0.8 -0.4) (end 0.8 -0.4) (layer F.Fab) (width 0.1))
    (fp_line (start -0.8 0.4) (end -0.8 -0.4) (layer F.Fab) (width 0.1))
    (pad 2 smd roundrect (at 0.7875 0 180) (size 0.875 0.95) (layers F.Cu F.Paste F.Mask) (roundrect_rratio 0.25)
      (net 2 GNDREF))
    (pad 1 smd roundrect (at -0.7875 0 180) (size 0.875 0.95) (layers F.Cu F.Paste F.Mask) (roundrect_rratio 0.25)
      (net 8 /VEE))
    (model ${KISYS3DMOD}/Capacitor_SMD.3dshapes/C_0603_1608Metric.wrl
      (at (xyz 0 0 0))
      (scale (xyz 1 1 1))
      (rotate (xyz 0 0 0))
    )
  )

  (module Capacitor_SMD:CP_Elec_4x5.3 (layer F.Cu) (tedit 5BCA39CF) (tstamp 5D1FC155)
    (at 124.46 104.775 270)
    (descr "SMD capacitor, aluminum electrolytic, Vishay, 4.0x5.3mm")
    (tags "capacitor electrolytic")
    (path /5D241CFD)
    (attr smd)
    (fp_text reference C10 (at 4.445 0 180) (layer F.SilkS)
      (effects (font (size 1 1) (thickness 0.15)))
    )
    (fp_text value 10uF (at 0 3.2 90) (layer F.Fab)
      (effects (font (size 1 1) (thickness 0.15)))
    )
    (fp_circle (center 0 0) (end 2 0) (layer F.Fab) (width 0.1))
    (fp_line (start 2.15 -2.15) (end 2.15 2.15) (layer F.Fab) (width 0.1))
    (fp_line (start -1.15 -2.15) (end 2.15 -2.15) (layer F.Fab) (width 0.1))
    (fp_line (start -1.15 2.15) (end 2.15 2.15) (layer F.Fab) (width 0.1))
    (fp_line (start -2.15 -1.15) (end -2.15 1.15) (layer F.Fab) (width 0.1))
    (fp_line (start -2.15 -1.15) (end -1.15 -2.15) (layer F.Fab) (width 0.1))
    (fp_line (start -2.15 1.15) (end -1.15 2.15) (layer F.Fab) (width 0.1))
    (fp_line (start -1.574773 -1) (end -1.174773 -1) (layer F.Fab) (width 0.1))
    (fp_line (start -1.374773 -1.2) (end -1.374773 -0.8) (layer F.Fab) (width 0.1))
    (fp_line (start 2.26 2.26) (end 2.26 1.06) (layer F.SilkS) (width 0.12))
    (fp_line (start 2.26 -2.26) (end 2.26 -1.06) (layer F.SilkS) (width 0.12))
    (fp_line (start -1.195563 -2.26) (end 2.26 -2.26) (layer F.SilkS) (width 0.12))
    (fp_line (start -1.195563 2.26) (end 2.26 2.26) (layer F.SilkS) (width 0.12))
    (fp_line (start -2.26 1.195563) (end -2.26 1.06) (layer F.SilkS) (width 0.12))
    (fp_line (start -2.26 -1.195563) (end -2.26 -1.06) (layer F.SilkS) (width 0.12))
    (fp_line (start -2.26 -1.195563) (end -1.195563 -2.26) (layer F.SilkS) (width 0.12))
    (fp_line (start -2.26 1.195563) (end -1.195563 2.26) (layer F.SilkS) (width 0.12))
    (fp_line (start -3 -1.56) (end -2.5 -1.56) (layer F.SilkS) (width 0.12))
    (fp_line (start -2.75 -1.81) (end -2.75 -1.31) (layer F.SilkS) (width 0.12))
    (fp_line (start 2.4 -2.4) (end 2.4 -1.05) (layer F.CrtYd) (width 0.05))
    (fp_line (start 2.4 -1.05) (end 3.35 -1.05) (layer F.CrtYd) (width 0.05))
    (fp_line (start 3.35 -1.05) (end 3.35 1.05) (layer F.CrtYd) (width 0.05))
    (fp_line (start 3.35 1.05) (end 2.4 1.05) (layer F.CrtYd) (width 0.05))
    (fp_line (start 2.4 1.05) (end 2.4 2.4) (layer F.CrtYd) (width 0.05))
    (fp_line (start -1.25 2.4) (end 2.4 2.4) (layer F.CrtYd) (width 0.05))
    (fp_line (start -1.25 -2.4) (end 2.4 -2.4) (layer F.CrtYd) (width 0.05))
    (fp_line (start -2.4 1.25) (end -1.25 2.4) (layer F.CrtYd) (width 0.05))
    (fp_line (start -2.4 -1.25) (end -1.25 -2.4) (layer F.CrtYd) (width 0.05))
    (fp_line (start -2.4 -1.25) (end -2.4 -1.05) (layer F.CrtYd) (width 0.05))
    (fp_line (start -2.4 1.05) (end -2.4 1.25) (layer F.CrtYd) (width 0.05))
    (fp_line (start -2.4 -1.05) (end -3.35 -1.05) (layer F.CrtYd) (width 0.05))
    (fp_line (start -3.35 -1.05) (end -3.35 1.05) (layer F.CrtYd) (width 0.05))
    (fp_line (start -3.35 1.05) (end -2.4 1.05) (layer F.CrtYd) (width 0.05))
    (fp_text user %R (at 0 0 90) (layer F.Fab)
      (effects (font (size 0.8 0.8) (thickness 0.12)))
    )
    (pad 1 smd roundrect (at -1.8 0 270) (size 2.6 1.6) (layers F.Cu F.Paste F.Mask) (roundrect_rratio 0.15625)
      (net 8 /VEE))
    (pad 2 smd roundrect (at 1.8 0 270) (size 2.6 1.6) (layers F.Cu F.Paste F.Mask) (roundrect_rratio 0.15625)
      (net 2 GNDREF))
    (model ${KISYS3DMOD}/Capacitor_SMD.3dshapes/CP_Elec_4x5.3.wrl
      (at (xyz 0 0 0))
      (scale (xyz 1 1 1))
      (rotate (xyz 0 0 0))
    )
  )

  (module Connector_Coaxial:SMA_Amphenol_132134-11_Vertical (layer F.Cu) (tedit 5B2F4C93) (tstamp 5D1FC16C)
    (at 109.22 111.76)
    (descr https://www.amphenolrf.com/downloads/dl/file/id/3406/product/2975/132134_11_customer_drawing.pdf)
    (tags "SMA THT Female Jack Vertical ExtendedLegs")
    (path /5D1EF0B1)
    (fp_text reference VIN- (at 0 -4.75) (layer F.SilkS)
      (effects (font (size 1 1) (thickness 0.15)))
    )
    (fp_text value -VIN (at 0 5) (layer F.Fab)
      (effects (font (size 1 1) (thickness 0.15)))
    )
    (fp_circle (center 0 0) (end 3.175 0) (layer F.Fab) (width 0.1))
    (fp_line (start 4.17 4.17) (end -4.17 4.17) (layer F.CrtYd) (width 0.05))
    (fp_line (start 4.17 4.17) (end 4.17 -4.17) (layer F.CrtYd) (width 0.05))
    (fp_line (start -4.17 -4.17) (end -4.17 4.17) (layer F.CrtYd) (width 0.05))
    (fp_line (start -4.17 -4.17) (end 4.17 -4.17) (layer F.CrtYd) (width 0.05))
    (fp_line (start -3.175 -3.175) (end 3.175 -3.175) (layer F.Fab) (width 0.1))
    (fp_line (start -3.175 -3.175) (end -3.175 3.175) (layer F.Fab) (width 0.1))
    (fp_line (start -3.175 3.175) (end 3.175 3.175) (layer F.Fab) (width 0.1))
    (fp_line (start 3.175 -3.175) (end 3.175 3.175) (layer F.Fab) (width 0.1))
    (fp_line (start -3.355 -1.45) (end -3.355 1.45) (layer F.SilkS) (width 0.12))
    (fp_line (start 3.355 -1.45) (end 3.355 1.45) (layer F.SilkS) (width 0.12))
    (fp_line (start -1.45 3.355) (end 1.45 3.355) (layer F.SilkS) (width 0.12))
    (fp_line (start -1.45 -3.355) (end 1.45 -3.355) (layer F.SilkS) (width 0.12))
    (fp_text user %R (at 0 0) (layer F.Fab)
      (effects (font (size 1 1) (thickness 0.15)))
    )
    (pad 1 thru_hole circle (at 0 0) (size 2.05 2.05) (drill 1.5) (layers *.Cu *.Mask)
      (net 9 "Net-(J2-Pad1)"))
    (pad 2 thru_hole circle (at 2.54 2.54) (size 2.25 2.25) (drill 1.7) (layers *.Cu *.Mask)
      (net 2 GNDREF))
    (pad 2 thru_hole circle (at 2.54 -2.54) (size 2.25 2.25) (drill 1.7) (layers *.Cu *.Mask)
      (net 2 GNDREF))
    (pad 2 thru_hole circle (at -2.54 -2.54) (size 2.25 2.25) (drill 1.7) (layers *.Cu *.Mask)
      (net 2 GNDREF))
    (pad 2 thru_hole circle (at -2.54 2.54) (size 2.25 2.25) (drill 1.7) (layers *.Cu *.Mask)
      (net 2 GNDREF))
    (model ${KISYS3DMOD}/Connector_Coaxial.3dshapes/SMA_Amphenol_132134-11_Vertical.wrl
      (at (xyz 0 0 0))
      (scale (xyz 1 1 1))
      (rotate (xyz 0 0 0))
    )
  )

  (module Connector_Coaxial:SMA_Amphenol_132134-11_Vertical (layer F.Cu) (tedit 5B2F4C93) (tstamp 5D1FC183)
    (at 109.22 123.825)
    (descr https://www.amphenolrf.com/downloads/dl/file/id/3406/product/2975/132134_11_customer_drawing.pdf)
    (tags "SMA THT Female Jack Vertical ExtendedLegs")
    (path /5D1EFD69)
    (fp_text reference VIN+ (at 0 -4.75) (layer F.SilkS)
      (effects (font (size 1 1) (thickness 0.15)))
    )
    (fp_text value +VIN (at 0 5) (layer F.Fab)
      (effects (font (size 1 1) (thickness 0.15)))
    )
    (fp_circle (center 0 0) (end 3.175 0) (layer F.Fab) (width 0.1))
    (fp_line (start 4.17 4.17) (end -4.17 4.17) (layer F.CrtYd) (width 0.05))
    (fp_line (start 4.17 4.17) (end 4.17 -4.17) (layer F.CrtYd) (width 0.05))
    (fp_line (start -4.17 -4.17) (end -4.17 4.17) (layer F.CrtYd) (width 0.05))
